01010000 01000100
01010000 01000110
01010000 01001110
10000000 01010011
01010000 01001000
10000000 01000011
01010000 01001000
10000000 01001111
01010000 01001000
10000000 01010010
01010000 01001000
10000000 01000101
01010000 01001000
10000000 00111010
01010000 01001000
01011000 01001010
01110000 00000000
10000000 00000001
01010000 01000000
10000000 00000011
01010000 01000001
10000000 00011101
01010000 01000010
10000000 00010000
01010000 01010111
10000001 00000101
00010011 00011110
00010010 00000011
01010001 01000001
01010001 01011111
10111001 00100011
01011000 01000000
10000000 00000011
01010000 01000001
10000000 00010000
01010000 01000011
10000001 00000101
00010011 00101001
00010010 00000100
01010001 01000000
01010001 01011110
10111001 00100101
10000000 00001101
01010000 01000000
10000000 00010001
01010000 01000010
10000001 00011111
01010001 01000001
01010001 01010111
10000100 00000010
10000101 11111110
10000110 00001100
10000111 00010100
01011001 00000001
10001001 00000111
10101110 11000001
01011001 00000001
10001001 00000111
10101111 11100001
01010110 01000000
01010111 01010011
11011110 11000001
11011111 11100001
00100000 01000000
10000000 00000010
01110000 00101010
10000000 11111110
01110000 00101011
10000000 00000000
01110000 00101100
10000000 11111110
01110000 00101101
10000000 00000001
01110000 01001010
10000000 11111110
01110000 01001011
10000000 11111111
01110000 01001100
10000000 11111110
01110000 01001101
10000000 00000000
01110000 01000110
10000000 11111110
01110000 01000111
10000000 11111110
01110000 01001000
10000000 11111110
01110000 01001001
10000000 11111111
01110000 01000010
10000000 11111110
01110000 01000011
10000000 11111110
01110000 01000100
10000000 11111111
01110000 01000101
10000000 11111110
01110000 00111110
10000000 11111110
01110000 00111111
10000000 11111110
01110000 01000000
10000000 11111111
01110000 01000001
10000000 11111110
01110000 00111010
10000000 11111111
01110000 00111011
10000000 11111110
01110000 00111100
10000000 11111111
01110000 00111101
10000000 11111110
01110000 00011010
10000000 11111111
01110000 00011011
10000000 11111110
01110000 00011100
10000000 11111111
01110000 00011101
10000000 00001111
01110000 00000001
01010000 01000101
00100000 10000000
00000000 00000000
00000000 00000000
00000000 00000000
00000000 00000000
10000010 00000000
10010111 00111110
00111011 10000100
00100001 00111000
11011001 11001001
01010001 01000000
11011001 11101001
01010001 01011011
10101011 10100111
11000001 01101111
10011001 11111110
00111101 10001101
00100000 11000000
10011011 10000000
00111101 00100000
11011001 01101001
01010001 01000001
11011001 11001001
01010001 01000000
01011001 01000111
00111100 10001100
10111010 01000001
10010111 00111100
00111011 10011001
00100001 00011111
11011011 01101001
01100011 00000000
11011011 11001001
01100011 00000000
00101000 10100011
10110101 00000101
00100000 11000000
10111010 01000001
10110101 00000101
00100000 11000000
01101001 00000000
10000011 00000101
11100001 00110011
11100001 00100011
10111001 00100001
01010001 01000000
10111001 00100011
01010001 01000010
01101001 00000000
10000011 00000011
11100001 00110011
11100001 00100011
01010001 01000001
10111001 00100001
01010001 01011111
01111001 00000000
10111001 00100001
01110001 00000000
01010001 01001110
00110000 00000000
00000000 00000000
00000000 00000000
00000000 00000000
00000000 00000000
00000000 00000000
00000000 00000000
00000000 00000000
00000000 00000000
00000000 00000000
10101011 10000110
11000001 01101110
10011001 11111110
00111101 10000101
00100000 11010111
10010011 01000000
00111110 00010100
11011011 01101001
01010011 01000000
11011001 11101001
01010001 01000001
01011001 01000111
00111100 10000100
10111010 01000001
11011001 11101001
01100001 00000000
01100011 00000000
00101000 10100011
10110100 00000100
00100000 11010111
10111010 01000001
10110100 00000100
00100000 11010111
10010010 00000000
00111101 00101010
10101110 11000100
10101111 11100101
11011001 11001001
01010001 01000000
11011001 11101001
01010001 01000001
01011001 01000111
00111100 10101010
10110100 00000100
10110101 00000101
11011001 11101001
01100001 00000000
11011001 11001001
01100001 00000000
00101000 10100011
10101110 11000100
10101111 11100101
11011001 11001001
01010001 01000000
11011001 11101001
01010001 01010011
00100001 00000000
00000000 00000000
00000000 00000000
00000000 00000000
00000000 00000000
00000000 00000000
00000000 00000000
00000000 00000000
00000000 00000000
00000000 00000000
00000000 00000000
00000000 00000000
00000000 00000000
00000000 00000000
00000000 00000000
00000000 00000000
00000000 00000000
00000000 00000000
01111010 00000001
10000000 00011111
01010000 01000001
01011001 00000000
10011001 00000001
00111100 10010001
10111010 01011110
01010010 01011010
10111010 01000101
01010010 01010010
10111010 01011100
01010010 01011010
10111010 01000101
01010010 01010010
10111010 01011110
01110010 00000001
00100001 00011101
10011001 00001000
00111100 10011101
10111010 01000010
01010010 01011010
10111010 01011011
01010010 01010010
10111010 01000100
01010010 01011010
10111010 01011011
01010010 01010010
10111010 01000010
01110010 00000001
01011000 01000101
00100000 10000000
10000010 00000000
01111001 00000001
11011011 11001001
10110001 00100011
00111100 10110101
00111010 10101000
10111010 01000001
10110001 00000001
10110100 00000100
11011011 10100011
10101011 10000011
11011011 01100001
10101011 01100001
11011011 01100001
01000000 00000011
01111100 00000000
01000000 00000011
01111101 00000001
10010010 00000000
00111100 10110110
10110100 00000100
10110101 00000101
10110101 00000101
10000010 00000001
00100000 11000000
00100001 01000000
00000000 00000000
00000000 00000000
00000000 00000000
00000000 00000000
00000000 00000000
00000000 00000000
00000000 00000000
10000000 01011001
01010000 01001001
10000000 01001111
01010000 01001001
10000000 01010101
01010000 01001001
10000000 00100000
01010000 01001001
10000000 01001100
01010000 01001001
10000000 01001111
01010000 01001001
10000000 01010011
01010000 01001001
10000000 01000101
01010000 01001001
10000000 00100001
01010000 01001001
01010000 01000101
00001000 00000000
