01010000 01000100
10000001 00011011
01010001 01000001
01010001 01000011
10000000 00000001
01010000 01000000
01010001 01010110
10000001 00000100
00010011 00001011
00010010 00000101
01010001 01011010
10111001 00100100
10000110 00000001
10000111 00000100
00101000 01000000
10000000 00011100
01010000 01000001
10000001 00011111
01010001 01000010
01010001 01000011
01010000 01011100
11011100 11100010
10111100 10011100
01010100 01000000
01011000 01110000
00101000 01001101
01011000 01000101
01011001 00000000
10011001 00000001
00111100 10100000
10111111 11100001
00100000 00001111
10011001 00001000
00111100 10100100
10111111 11111111
00100000 00001111
10011001 00010000
00111100 00001111
01000000 00000111
01111001 00000000
10111001 00100001
01000000 00000111
01110001 00000000
11011010 11100011
10101010 01000001
10111011 11000001
01000000 00000010
01110011 00000000
11011001 00100010
10000000 00011010
10110001 00000001
01010001 01000001
01000000 00000110
01011000 01110001
10111110 11000001
10001110 00000001
00100000 11000000
00000000 00000000
00000000 00000000
00000000 00000000
00000000 00000000
00000000 00000000
00000000 00000000
00000000 00000000
10000000 00001010
01010000 01100000
10000000 01000000
01010000 01101000
10000000 11101010
01010000 01100001
10000000 11100000
01010000 01101001
10000000 10100100
01010000 01100010
10000000 10100000
01010000 01101010
00110000 00000000
01010000 01000110
10000000 01010000
01010000 01001000
10000000 01001100
01010000 01001000
10000000 01000001
01010000 01001000
10000000 01011001
01010000 01001000
10000000 01000101
01010000 01001000
10000000 01010010
01010000 01001000
01010000 01001000
11011101 11000011
10101101 10100110
10000000 01001111
10101101 10100000
01010101 01001000
01010000 01001000
01010000 01001000
01010000 01001000
01011000 01001000
10000000 01010100
01010000 01001001
10000000 01010101
01010000 01001001
10000000 01010010
01010000 01001001
10000000 01001110
01010000 01001001
01010000 01001001
01010000 01001001
01010000 01001001
01010000 01001001
01010000 01001001
01010000 01001001
01010000 01001001
01010000 01001001
00110000 00000000
00000000 00000000
00000000 00000000
00000000 00000000
00000000 00000000
00000000 00000000
00000000 00000000
00000000 00000000
00000000 00000000
00000000 00000000
00000000 00000000
00000000 00000000
10000011 00000011
00010011 10000110
00010010 00000011
01101001 00000000
01000000 00000001
01111010 00000000
11000011 01010011
00111101 00001001
00110000 00000000
01010000 01000110
10000000 01010000
01010000 01001000
10000000 01001100
01010000 01001000
10000000 01000001
01010000 01001000
10000000 01011001
01010000 01001000
10000000 01000101
01010000 01001000
10000000 01010010
01010000 01001000
01010000 01001000
10111011 01111111
11011101 01100011
10101101 10100011
10000000 01001111
10101101 10100000
01010101 01001000
01010000 01001000
01010000 01001000
01010000 01001000
01011000 01001000
10000000 01010111
01010000 01001001
10000000 01001001
01010000 01001001
10000000 01001110
01010000 01001001
10000000 01010011
01010000 01001001
01010000 01001001
01010000 01001001
01010000 01001001
01010000 01001001
01010000 01001001
01010000 01001001
01010000 01001001
01010000 01001001
01010000 01000101
00001000 00000000
00000000 00000000
00000000 00000000
00000000 00000000
00000000 00000000
00000000 00000000
00000000 00000000
00000000 00000000
00000000 00000000
00000000 00000000
00000000 00000000
00000000 00000000
00000000 00000000
00000000 00000000
10000000 00001001
01100000 00000000
10000000 00010001
01100000 00000000
10000000 00011001
01100000 00000000
10000000 00100001
01100000 00000000
00101000 10000000
10000000 00001010
01100000 00000000
10000000 00010010
01100000 00000000
10000000 00011010
01100000 00000000
10000000 00100010
01100000 00000000
00101000 10000000
10000000 00001011
01100000 00000000
10000000 00010011
01100000 00000000
10000000 00011011
01100000 00000000
10000000 00100011
01100000 00000000
00101000 10000000
10000000 00001100
01100000 00000000
10000000 00010100
01100000 00000000
10000000 00011100
01100000 00000000
10000000 00100100
01100000 00000000
00101000 10000000
10000000 00001101
01100000 00000000
10000000 00010101
01100000 00000000
10000000 00011101
01100000 00000000
10000000 00100101
01100000 00000000
00101000 10000000
10000000 00001110
01100000 00000000
10000000 00010110
01100000 00000000
10000000 00011110
01100000 00000000
10000000 00100110
01100000 00000000
00101000 10000000
10000000 00010001
01100000 00000000
10000000 00011001
01100000 00000000
10000000 00100001
01100000 00000000
10000000 00101001
01100000 00000000
00101000 10000000
00100001 00000000
10000000 00010010
01100000 00000000
10000000 00011010
01100000 00000000
10000000 00100010
01100000 00000000
10000000 00101010
01100000 00000000
00101000 10000000
10000000 00010011
01100000 00000000
10000000 00011011
01100000 00000000
10000000 00100011
01100000 00000000
10000000 00101011
01100000 00000000
00101000 10000000
10000000 00010100
01100000 00000000
10000000 00011100
01100000 00000000
10000000 00100100
01100000 00000000
10000000 00101100
01100000 00000000
00101000 10000000
10000000 00010101
01100000 00000000
10000000 00011101
01100000 00000000
10000000 00100101
01100000 00000000
10000000 00101101
01100000 00000000
00101000 10000000
10000000 00010110
01100000 00000000
10000000 00011110
01100000 00000000
10000000 00100110
01100000 00000000
10000000 00101110
01100000 00000000
00101000 10000000
10000000 00011001
01100000 00000000
10000000 00100001
01100000 00000000
10000000 00101001
01100000 00000000
10000000 00110001
01100000 00000000
00101000 10000000
10000000 00011010
01100000 00000000
10000000 00100010
01100000 00000000
10000000 00101010
01100000 00000000
10000000 00110010
01100000 00000000
00101000 10000000
00100001 01000000
10000000 00011011
01100000 00000000
10000000 00100011
01100000 00000000
10000000 00101011
01100000 00000000
10000000 00110011
01100000 00000000
00101000 10000000
10000000 00011100
01100000 00000000
10000000 00100100
01100000 00000000
10000000 00101100
01100000 00000000
10000000 00110100
01100000 00000000
00101000 10000000
10000000 00011101
01100000 00000000
10000000 00100101
01100000 00000000
10000000 00101101
01100000 00000000
10000000 00110101
01100000 00000000
00101000 10000000
10000000 00011110
01100000 00000000
10000000 00100110
01100000 00000000
10000000 00101110
01100000 00000000
10000000 00110110
01100000 00000000
00101000 10000000
10000000 00100001
01100000 00000000
10000000 00101001
01100000 00000000
10000000 00110001
01100000 00000000
10000000 00111001
01100000 00000000
00101000 10000000
10000000 00100010
01100000 00000000
10000000 00101010
01100000 00000000
10000000 00110010
01100000 00000000
10000000 00111010
01100000 00000000
00101000 10000000
10000000 00100011
01100000 00000000
10000000 00101011
01100000 00000000
10000000 00110011
01100000 00000000
10000000 00111011
01100000 00000000
00101000 10000000
00100001 10000000
10000000 00100100
01100000 00000000
10000000 00101100
01100000 00000000
10000000 00110100
01100000 00000000
10000000 00111100
01100000 00000000
00101000 10000000
10000000 00100101
01100000 00000000
10000000 00101101
01100000 00000000
10000000 00110101
01100000 00000000
10000000 00111101
01100000 00000000
00101000 10000000
10000000 00100110
01100000 00000000
10000000 00101110
01100000 00000000
10000000 00110110
01100000 00000000
10000000 00111110
01100000 00000000
00101000 10000000
10000000 00001001
01100000 00000000
10000000 00001010
01100000 00000000
10000000 00001011
01100000 00000000
10000000 00001100
01100000 00000000
00101000 10000000
10000000 00001010
01100000 00000000
10000000 00001011
01100000 00000000
10000000 00001100
01100000 00000000
10000000 00001101
01100000 00000000
00101000 10000000
10000000 00001011
01100000 00000000
10000000 00001100
01100000 00000000
10000000 00001101
01100000 00000000
10000000 00001110
01100000 00000000
00101000 10000000
10000000 00010001
01100000 00000000
10000000 00010010
01100000 00000000
10000000 00010011
01100000 00000000
10000000 00010100
01100000 00000000
00101000 10000000
00100001 11000000
10000000 00010010
01100000 00000000
10000000 00010011
01100000 00000000
10000000 00010100
01100000 00000000
10000000 00010101
01100000 00000000
00101000 10000000
10000000 00010011
01100000 00000000
10000000 00010100
01100000 00000000
10000000 00010101
01100000 00000000
10000000 00010110
01100000 00000000
00101000 10000000
10000000 00011001
01100000 00000000
10000000 00011010
01100000 00000000
10000000 00011011
01100000 00000000
10000000 00011100
01100000 00000000
00101000 10000000
10000000 00011010
01100000 00000000
10000000 00011011
01100000 00000000
10000000 00011100
01100000 00000000
10000000 00011101
01100000 00000000
00101000 10000000
10000000 00011011
01100000 00000000
10000000 00011100
01100000 00000000
10000000 00011101
01100000 00000000
10000000 00011110
01100000 00000000
00101000 10000000
10000000 00100001
01100000 00000000
10000000 00100010
01100000 00000000
10000000 00100011
01100000 00000000
10000000 00100100
01100000 00000000
00101000 10000000
10000000 00100010
01100000 00000000
10000000 00100011
01100000 00000000
10000000 00100100
01100000 00000000
10000000 00100101
01100000 00000000
00101000 10000000
00100010 00000000
10000000 00100011
01100000 00000000
10000000 00100100
01100000 00000000
10000000 00100101
01100000 00000000
10000000 00100110
01100000 00000000
00101000 10000000
10000000 00101001
01100000 00000000
10000000 00101010
01100000 00000000
10000000 00101011
01100000 00000000
10000000 00101100
01100000 00000000
00101000 10000000
10000000 00101010
01100000 00000000
10000000 00101011
01100000 00000000
10000000 00101100
01100000 00000000
10000000 00101101
01100000 00000000
00101000 10000000
10000000 00101011
01100000 00000000
10000000 00101100
01100000 00000000
10000000 00101101
01100000 00000000
10000000 00101110
01100000 00000000
00101000 10000000
10000000 00110001
01100000 00000000
10000000 00110010
01100000 00000000
10000000 00110011
01100000 00000000
10000000 00110100
01100000 00000000
00101000 10000000
10000000 00110010
01100000 00000000
10000000 00110011
01100000 00000000
10000000 00110100
01100000 00000000
10000000 00110101
01100000 00000000
00101000 10000000
10000000 00110011
01100000 00000000
10000000 00110100
01100000 00000000
10000000 00110101
01100000 00000000
10000000 00110110
01100000 00000000
00101000 10000000
00100010 01000000
10000000 00111001
01100000 00000000
10000000 00111010
01100000 00000000
10000000 00111011
01100000 00000000
10000000 00111100
01100000 00000000
00101000 10000000
10000000 00111010
01100000 00000000
10000000 00111011
01100000 00000000
10000000 00111100
01100000 00000000
10000000 00111101
01100000 00000000
00101000 10000000
10000000 00111011
01100000 00000000
10000000 00111100
01100000 00000000
10000000 00111101
01100000 00000000
10000000 00111110
01100000 00000000
00101000 10000000
10000000 00001001
01100000 00000000
10000000 00010010
01100000 00000000
10000000 00011011
01100000 00000000
10000000 00100100
01100000 00000000
00101000 10000000
10000000 00001010
01100000 00000000
10000000 00010011
01100000 00000000
10000000 00011100
01100000 00000000
10000000 00100101
01100000 00000000
00101000 10000000
10000000 00001011
01100000 00000000
10000000 00010100
01100000 00000000
10000000 00011101
01100000 00000000
10000000 00100110
01100000 00000000
00101000 10000000
10000000 00010001
01100000 00000000
10000000 00011010
01100000 00000000
10000000 00100011
01100000 00000000
10000000 00101100
01100000 00000000
00101000 10000000
00100010 10000000
10000000 00010010
01100000 00000000
10000000 00011011
01100000 00000000
10000000 00100100
01100000 00000000
10000000 00101101
01100000 00000000
00101000 10000000
10000000 00010011
01100000 00000000
10000000 00011100
01100000 00000000
10000000 00100101
01100000 00000000
10000000 00101110
01100000 00000000
00101000 10000000
10000000 00011001
01100000 00000000
10000000 00100010
01100000 00000000
10000000 00101011
01100000 00000000
10000000 00110100
01100000 00000000
00101000 10000000
10000000 00011010
01100000 00000000
10000000 00100011
01100000 00000000
10000000 00101100
01100000 00000000
10000000 00110101
01100000 00000000
00101000 10000000
10000000 00011011
01100000 00000000
10000000 00100100
01100000 00000000
10000000 00101101
01100000 00000000
10000000 00110110
01100000 00000000
00101000 10000000
10000000 00100001
01100000 00000000
10000000 00101010
01100000 00000000
10000000 00110011
01100000 00000000
10000000 00111100
01100000 00000000
00101000 10000000
10000000 00100010
01100000 00000000
10000000 00101011
01100000 00000000
10000000 00110100
01100000 00000000
10000000 00111101
01100000 00000000
00101000 10000000
00100010 11000000
10000000 00100011
01100000 00000000
10000000 00101100
01100000 00000000
10000000 00110101
01100000 00000000
10000000 00111110
01100000 00000000
00101000 10000000
10000000 00001100
01100000 00000000
10000000 00010011
01100000 00000000
10000000 00011010
01100000 00000000
10000000 00100001
01100000 00000000
00101000 10000000
10000000 00001101
01100000 00000000
10000000 00010100
01100000 00000000
10000000 00011011
01100000 00000000
10000000 00100010
01100000 00000000
00101000 10000000
10000000 00001110
01100000 00000000
10000000 00010101
01100000 00000000
10000000 00011100
01100000 00000000
10000000 00100011
01100000 00000000
00101000 10000000
10000000 00010100
01100000 00000000
10000000 00011011
01100000 00000000
10000000 00100010
01100000 00000000
10000000 00101001
01100000 00000000
00101000 10000000
10000000 00010101
01100000 00000000
10000000 00011100
01100000 00000000
10000000 00100011
01100000 00000000
10000000 00101010
01100000 00000000
00101000 10000000
10000000 00010110
01100000 00000000
10000000 00011101
01100000 00000000
10000000 00100100
01100000 00000000
10000000 00101011
01100000 00000000
00101000 10000000
00100011 00000000
10000000 00011100
01100000 00000000
10000000 00100011
01100000 00000000
10000000 00101010
01100000 00000000
10000000 00110001
01100000 00000000
00101000 10000000
10000000 00011101
01100000 00000000
10000000 00100100
01100000 00000000
10000000 00101011
01100000 00000000
10000000 00110010
01100000 00000000
00101000 10000000
10000000 00011110
01100000 00000000
10000000 00100101
01100000 00000000
10000000 00101100
01100000 00000000
10000000 00110011
01100000 00000000
00101000 10000000
10000000 00100100
01100000 00000000
10000000 00101011
01100000 00000000
10000000 00110010
01100000 00000000
10000000 00111001
01100000 00000000
00101000 10000000
10000000 00100101
01100000 00000000
10000000 00101100
01100000 00000000
10000000 00110011
01100000 00000000
10000000 00111010
01100000 00000000
00101000 10000000
10000000 00100110
01100000 00000000
10000000 00101101
01100000 00000000
10000000 00110100
01100000 00000000
10000000 00111011
01100000 00000000
00101000 10000000
00100000 00001111
