00010011 00000101
00010010 00111111
01100000 00000000
01100000 00000000
01100000 00000000
01100000 00000000
01010000 01000100
01010000 01000110
10000000 00110011
01010000 01001000
10000000 01011000
01010000 01001000
10000000 01011110
01010000 01001000
10000000 00110010
01010000 01001000
01010000 01001000
10000000 00101011
01010000 01001000
01010000 01001000
10000000 00110010
01010000 01001000
10000000 01011001
01010000 01001000
10000000 01011110
01010000 01001000
10000000 00110010
01010000 01001000
10000000 00000000
01010000 01001000
01011000 01000101
10000000 00101101
01010000 01001001
01010000 01001001
10000000 00110010
01010000 01001001
10000000 00110101
01010000 01001001
10000000 00110000
01010000 01001001
01010000 01001001
10000000 00111101
01010000 01001001
01010000 01001001
10000000 00110000
01010000 01001001
01010000 01001001
01010000 01001001
01010000 01001001
10000001 00001111
10000010 00011111
01010001 01000001
01010001 01000011
01011000 01000000
01010010 01010110
10000001 00010000
01010001 01000000
01010001 01000010
01010000 01000001
01010010 01010111
01011000 01000101
00100000 01000000
00000000 00000000
00000000 00000000
10000111 11101111
10000110 11101111
00101000 01011001
10000000 00010001
10101001 11100000
10000000 00000110
11100001 00100000
10000000 00011000
10101011 11000000
11011010 01101011
10101001 00100010
01000000 00000001
01111100 00000000
01101101 00000000
11010101 10100011
11000100 10011101
01000000 00000001
01110100 00000000
10111110 11000001
10010110 00010001
00111101 10000010
10111111 11100001
10010111 00010001
00111101 10000001
00100000 10000000
10100001 11000000
10011001 10000000
00111100 10011101
10110001 00000001
11100100 00100001
11100101 00101001
10101010 10000100
10101011 10101101
10101100 01000100
10101101 01101101
10100001 11100000
10011001 10000000
00111100 10100111
10110001 00000001
11100010 00100001
11100011 00101001
10101010 01000010
10101011 01101011
10101100 10000010
10101101 10101011
10000000 11111010
10110100 10000000
10110101 10101000
11011001 10101111
01100001 00000000
00110000 00000000
00000000 00000000
00000000 00000000
00000000 00000000
00000000 00000000
00000000 00000000
00000000 00000000
00000000 00000000
00000000 00000000
00000000 00000000
00000000 00000000
00000000 00000000
00000000 00000000
00000000 00000000
10000111 11110000
10000110 11110000
10000000 00010001
10101001 11100000
10000000 00000110
11100001 00100000
10000000 00011000
10101010 11000000
11011011 01001011
10101011 00100011
01000000 00000011
01111100 11111010
01000000 00000011
01111101 00000000
11010100 10001010
10001100 00000001
10111100 10000001
11010101 10101010
10001101 00000001
10111101 10100001
01100100 00000000
01100101 00000000
10111010 01000001
11011011 01001011
10101011 00100011
01000000 00000011
01111100 11111010
01000000 00000011
01111101 00000000
11010100 10001010
10001100 00000001
10111100 10000001
11010101 10101010
10001101 00000001
10111101 10100001
11000100 10010101
01101101 00000000
11000100 10010101
01101101 00000000
11000100 10010101
00111101 10110000
10000001 00010000
10101010 00100110
10110011 00100111
10111011 01111111
01010010 01000000
01010011 01010011
01010000 01000101
10111110 11000001
10010110 00010000
00111101 10000010
10111111 11100001
10010111 00010000
00111101 10000001
00001000 00000000
