10000001 01000000
00010011 00000101
00010010 00011111
01000000 00000001
01110000 00000000
10111001 00100001
10000001 00000001
00101000 00100100
10000000 00010000
01000001 00000000
00101000 00100100
01000000 00000000
01110001 00110010
10000000 01000000
01000001 00000000
10000001 00011000
01110001 00000110
01110001 00001101
10000001 00110000
01110001 00001000
01110001 00001111
10000001 00001000
01110001 00001010
01110001 00010001
10000001 01100000
01110001 00010100
01110001 00011000
10000001 11010000
01110001 00010110
10000001 00010000
01110001 00011111
01110001 00011101
01110001 00011011
01000000 00000000
01110000 01100000
00100000 01000000
01110000 00100000
01110000 00100001
01110000 00100010
01110001 00100011
01110000 00100100
01110000 00100101
01110000 00100110
01110000 00100111
01110000 00101000
00110000 00000000
00000000 00000000
00000000 00000000
00000000 00000000
00000000 00000000
00000000 00000000
00000000 00000000
00000000 00000000
00000000 00000000
00000000 00000000
00000000 00000000
00000000 00000000
00000000 00000000
00000000 00000000
00000000 00000000
00000000 00000000
00000000 00000000
00000000 00000000
00000000 00000000
10000001 00000000
00010011 01000111
00010010 00011111
01000001 00000001
01111010 01000000
01110010 00000000
01110000 01000000
10111001 00100001
01000000 00000000
01010000 01000100
10000111 00000000
01000000 00000111
01111100 00000000
01010111 01000001
10111111 11100001
01000000 00000111
01111101 00000000
01010111 01000011
10000110 00000000
11011100 10010111
11011100 10010001
00111001 10011001
01010110 01000000
10111011 11000001
01010011 01010110
10111110 11000010
10010110 00010000
00111101 10010100
11011101 10110111
11011101 10110001
00111001 10100010
01010110 01000000
10111011 11000001
01010011 01010110
10111110 11000010
10010110 00100000
00111101 10011101
01011000 01000101
10111111 11100001
10010111 00100000
00111101 10001011
01111001 01100000
10111001 00100001
01110001 01100000
10010001 00001000
00111101 10101111
00001000 00000000
00100000 10000000
00000000 00000000
00000000 00000000
00000000 00000000
00000000 00000000
00000000 00000000
00000000 00000000
00000000 00000000
00000000 00000000
00000000 00000000
00000000 00000000
00000000 00000000
00000000 00000000
00000000 00000000
00000000 00000000
00000000 00000000
00000000 00000000
10000111 00000000
10000110 00000000
10111101 11110000
00101000 10100011
10111101 10111111
00101000 10100011
10111101 10100010
00101000 10100011
10111101 11101111
00101000 10100011
10111101 10100001
00101000 10100011
10111101 10100001
00101000 10100011
10111101 11111111
00101000 10100011
10111101 10100010
00101000 10100011
11011100 11101011
01000001 00000100
01111011 00000000
01111001 01000000
11010011 01101111
10001011 00000001
11011011 01100100
10101011 01100110
01000000 00000011
01111010 00100000
11010010 01000111
10101001 00100010
01000000 00000100
01110001 01000000
10111111 11100001
00111101 10000001
00100000 01000000
11011100 10101011
01000000 00000100
01111011 00000000
11010011 01101101
10001011 00000001
10101110 11000011
00110000 00000000
