01010000 01000100
01010000 01000110
10000111 11110000
10000110 11100111
01110111 00000111
01110110 00000110
10000100 00000000
10000101 00000000
10101110 11000110
10101111 11100111
01110110 00000000
01110111 00000010
10011110 10000000
00111100 10010000
10110110 00000110
10111100 10000001
10011111 10000000
00111100 10010100
10110111 00000111
10111101 10100001
00101000 01000000
01111110 00000110
01111111 00000111
01101001 00000000
00111101 10100000
10000000 00010000
10101010 00000111
01010010 01000001
10000000 00011001
10101010 00000110
01010010 01010010
01011000 01000101
10111110 11000001
10010110 00000111
00111101 10000101
10111111 11100001
10010111 00010000
00111101 10000011
00001000 00000000
00000000 00000000
00000000 00000000
00000000 00000000
00000000 00000000
00000000 00000000
00000000 00000000
00000000 00000000
00000000 00000000
00000000 00000000
00000000 00000000
00000000 00000000
00000000 00000000
00000000 00000000
00000000 00000000
00000000 00000000
00000000 00000000
00000000 00000000
00000000 00000000
00000000 00000000
00000000 00000000
00000000 00000000
00000000 00000000
00000000 00000000
00000000 00000000
00000000 00000000
01110000 00000101
11100001 11000110
11100010 11001110
01110100 00000100
11100011 11100111
11100100 11101111
10110001 00100011
10110010 01001100
10011010 10000000
00111100 10001101
10000000 00011111
10101001 00100000
10101010 01001000
11011001 00101101
11011011 01000011
10101001 00100011
01111011 00000000
10101001 00100011
10000100 00000000
11011000 00101111
00111100 10010111
10110001 00000001
10000100 00000001
10010001 01000000
00111010 00111101
01100001 00000000
11100001 11000111
11100010 11001111
10101001 00100001
10101010 01001010
01101110 00000000
10010010 00010000
00111110 00111101
01111011 00000100
11000011 01101101
00111100 10100110
10110001 00000001
10110010 00001010
10011010 10000000
00111100 10101011
10000000 00011111
10101001 00100000
10101010 01001000
11011001 00101101
11011011 01000011
10101111 00100011
01111011 00000010
10101111 11100011
10000101 00000000
11011000 11101111
00111100 10110101
10110111 00000111
10000101 00000001
10010111 01000000
00111010 00111101
01111001 00000101
10111001 00100001
01110001 00000101
10010001 00010100
00111101 10000001
10000000 00000001
01100000 00000000
00110000 00000000
