10000001 00000001
10000010 11111111
01110001 10000011
01110010 10001010
01110001 10010100
01110010 10010110
01110001 00000000
01110001 00000001
01110001 10100010
10000001 01111111
01110001 10100011
01010000 01000100
01010000 01000110
10000000 01101111
01010000 01100000
10000000 11110110
01010000 01101000
10000000 00010000
01010000 01000000
10000000 00001100
01010000 01000001
01010000 01110000
10000000 00001001
01010000 01000000
10000000 00001101
01010000 01000001
10000000 00001111
01010000 01000010
10000000 00001110
01010000 01010111
10000001 00000100
10000010 00000011
10000011 00000010
10000100 00000011
00101000 01000000
01110000 10100100
01010000 01001010
01010000 01001110
10000000 01010011
01010000 01001000
10000000 01000011
01010000 01001000
10000000 01001111
01010000 01001000
10000000 01010010
01010000 01001000
10000000 01000101
01010000 01001000
10000000 00111010
01010000 01001000
01011000 01000101
00100000 10000000
00000000 00000000
00000000 00000000
00000000 00000000
00000000 00000000
00000000 00000000
00000000 00000000
00000000 00000000
00000000 00000000
00000000 00000000
00000000 00000000
00000000 00000000
00000000 00000000
01011101 00000001
10001101 00000111
01110101 10000000
01011110 00000001
10001110 00000111
01110110 10000001
11011101 10100010
10111101 10100001
11011110 11000010
10111110 11000001
01010101 01000000
01010110 01000001
01011111 01000111
00111101 00000000
10111101 10100001
01010101 01000010
10111110 11000001
01010110 01010111
00110000 00000000
00101000 01000000
01111110 10100100
10111110 11000001
01110110 10100100
01010110 01001110
00100000 01101101
10000000 01011001
01010000 01001001
10000000 01001111
01010000 01001001
10000000 01010101
01010000 01001001
10000000 00100000
01010000 01001001
10000000 01000100
01010000 01001001
10000000 01001001
01010000 01001001
10000000 01000101
01010000 01001001
10000000 01000100
01010000 01001001
10000000 00100001
01010000 01001001
01010000 01000101
00001000 00000000
11011101 00100010
11011110 01000010
01010101 01000000
01010110 01000001
01010000 01110000
01010000 01000101
00100000 10000000
00000000 00000000
00000000 00000000
00000000 00000000
00000000 00000000
00000000 00000000
00000000 00000000
00000000 00000000
00000000 00000000
00000000 00000000
00000000 00000000
00000000 00000000
00000000 00000000
01011111 00000000
01100111 00000000
01111101 10100010
01000000 00000101
01111110 00000000
10111101 10100001
10001101 01111111
01000000 00000101
01110111 00000000
01110101 10100010
11111110 11010000
10000000 00001000
11010110 00001110
11000111 11111110
01100100 00000000
11011101 00100010
11011110 01000010
11001111 00011111
00111001 00011001
10111100 10100011
01010100 01000000
10111100 11000001
01010100 01011011
10111100 10000001
01010100 01011011
11011111 11101001
00111001 00100001
10111100 11000011
01010100 01000001
10111100 10100001
01010100 01011010
10111100 10000001
01010100 01011010
11011111 11101001
00111001 00101000
01010110 01000001
10111100 10100001
01010100 01011010
10111100 10000001
01010100 01011010
11011111 11101001
00111001 00101111
01010101 01000000
10111100 11000001
01010100 01011011
10111100 10000001
01010100 01011011
01101100 00000000
01101111 00000000
01000001 00000111
01111110 10000010
10101001 00100110
10010001 00001000
00111110 00111100
01111110 10010010
10101010 01000110
10010010 00001000
00111110 00111100
01000000 00000000
00100000 11000000
01000000 00000000
00100000 01011001
00000000 00000000
00000000 00000000
01111101 10000000
10110000 10100001
00111101 10000111
01111101 10000001
10110000 10100010
00111101 10000111
00100000 01010011
11011101 00100010
10111101 10100001
01010101 01000000
11011101 01000010
10111101 10100001
01010101 01000001
01011101 01000111
00111100 10010000
00100000 01011001
01111101 10100011
10111101 10100001
10001101 01111111
01110101 10100011
01000000 00000101
01111111 00000000
01100001 00000000
01100010 00000000
11011001 01100010
11011010 10000010
10010111 00000001
00111100 00101111
10010111 00000010
00111100 00101010
10010111 00000100
00111100 00100101
10111101 00111111
10111110 01000001
10111001 00100010
10111010 01000010
00100000 11110011
10111101 00100001
10111110 01011111
10111001 00100010
10111010 01000010
00100000 11110011
10111101 00100001
10111110 01000001
10111001 00100010
10111010 01000100
00100000 11110011
10111101 00100001
10111110 01000001
10111001 00100100
10111010 01000010
01010101 01000000
01010110 01000001
01010001 01000010
01010010 01011111
01101010 00000000
01101001 00000000
01000000 00000111
01111110 10000010
10101011 01100110
01000000 00000111
01111110 10010010
10101100 10000110
00100000 01101101
