10000001 00000110
01110001 00001001
01110001 00001011
01110001 00001101
01110001 00001111
01110001 00010011
01110001 00011111
01110001 00100001
01110001 00100101
01110001 00101001
01110001 00101101
10000001 00000010
01110001 00010101
01110001 00101011
01110001 00101111
01110001 00110001
01110001 00110011
01110001 00110111
10000001 01100000
01110001 00001000
01110001 00001010
01110001 00001100
01110001 00001110
01110001 00010110
01110001 00011010
10000001 01000100
01110001 00000000
01110001 00000001
01110001 00000100
01110001 00000101
01110001 00010111
01110001 00011110
10000001 01100010
01110001 00100010
01110001 00100110
01110001 00110110
10000001 00000100
01110001 00011101
01110001 00100011
01110001 00100111
10000001 01100100
01110001 00101010
01110001 00101110
10000001 00110000
01110001 00101000
01110001 00101100
10000001 11000000
01110001 00100000
01110001 00100100
10000001 01110000
01110001 00011100
01110001 00110000
10000001 00100010
01110001 00010010
01110001 00011011
10000001 00001111
01110001 00000011
01110001 00000111
00100000 01000000
00000000 00000000
00000000 00000000
00000000 00000000
00000000 00000000
00000000 00000000
01010000 01000100
01010000 01000110
01010000 01001010
01010000 01001110
10000000 01010011
01010000 01001000
10000000 01000011
01010000 01001000
10000000 01001111
01010000 01001000
10000000 01010010
01010000 01001000
10000000 01000101
01010000 01001000
10000000 00111010
01010000 01001000
10000001 01110010
01110001 00110100
10000001 00110010
01110001 00110010
10000001 00001110
01110001 00011001
10000001 00100000
01110001 00011000
10000001 11100000
01110001 00010100
10000001 00000111
01110001 00010001
10000001 01000000
01110001 00010000
10000110 00000101
10000111 00000010
01110000 00111100
10000001 00000001
01010001 01000000
01010001 01000001
10000000 00001100
01010000 01000010
10000000 00011110
01010000 01010111
10000001 00000010
01010001 01000000
01010001 01000001
10000000 00001011
01010000 01000010
10000000 00011101
01010000 01011111
10000000 00010010
01010000 01000000
10000000 00000111
01010000 01000001
10000000 00011001
01010000 01000010
10000000 00001110
01010000 01010111
10000000 00010011
01010000 01000000
10000000 00001000
01010000 01000001
10000000 00011000
01010000 01000010
10000000 00001101
01010000 01011111
00100000 10000000
10000000 00001111
01010000 01000000
10000000 00000001
01010000 01000001
10000000 01010101
01010000 01100000
10000000 01010011
01010000 01101000
01011000 01110000
10000000 00010011
01010000 01100000
10000000 00010111
01010000 01101000
10000000 00010011
01010000 01000000
01010000 01110000
10000000 01010010
01010000 01100000
10000000 01010101
01010000 01101000
10000000 00010111
01010000 01000000
01010000 01110000
10000000 00100010
01010000 01100000
10000000 00100111
01010000 01101000
10000000 00011011
01010000 01000000
01011000 01110000
00100000 11000000
10000001 00000000
01000000 00000001
01111010 01001000
01000000 00000001
01111011 01001001
01010010 01000000
01010011 01000001
01011100 01000111
00111101 00101101
10111001 00100010
10010001 00001000
00111101 10100000
01100000 00000000
00110000 00000000
01100100 00000000
00110000 00000000
00000000 00000000
00000000 00000000
00000000 00000000
00000000 00000000
00000000 00000000
00000000 00000000
00000000 00000000
00000000 00000000
00000000 00000000
00000000 00000000
00000000 00000000
00000000 00000000
00000000 00000000
00000000 00000000
00000000 00000000
00000000 00000000
00000000 00000000
10000000 00000101
01010000 01000001
10000000 00001111
01010000 01010010
10000000 00010001
01010000 01010010
10000000 00010011
01010000 01010010
10000000 00010100
01010000 01010010
10000000 00010101
01010000 01010010
10000000 00010111
01010000 01010010
10000000 00011001
01010000 01010010
10000000 00011100
01010000 01010010
01011001 00000001
10001001 00000111
10010001 00000111
00111100 00010010
01110000 00111010
01110001 00111011
11011001 00100011
01100001 00000000
00101001 00000000
10000001 00000000
00010011 11100110
00010010 00000011
01000001 00000001
01111010 01001000
01111011 01001001
01110010 01000000
01110011 01000001
01000000 00000000
01010010 01000000
01010011 01010011
10111001 00100010
01011001 00000001
10001001 00000111
10010001 00000111
00111100 00100111
01110001 00111101
00101001 00100010
01110000 01010100
10000000 00000001
01110000 01010101
10000000 00000100
01110000 01010110
10000000 00001111
01110000 01010111
10000000 00101000
01110000 01011000
01011000 01000101
00100001 01000000
00000000 00000000
00000000 00000000
00000000 00000000
00000000 00000000
00000000 00000000
00000000 00000000
00000000 00000000
00000000 00000000
01101001 00000000
01000001 00000001
01111001 00000000
01111010 00000001
11011011 00101100
11011100 01001100
10001001 00001111
10001010 00001111
01000000 00000000
01110001 01010000
01110011 01010001
01110010 01010010
01110100 01010011
10000010 00000000
10000100 00000000
10000001 00000000
01000000 00000010
01111011 01010000
00010011 00011100
00010010 00000011
00111001 10011011
01000001 00000100
10101101 00100110
01110101 01001000
10101101 01000111
01110101 01001001
10111100 10000010
10111001 00100001
11011011 01101001
10111010 01000001
10010010 00000100
00111101 10001111
01000000 00000000
00110000 00000000
10000000 00010100
01010000 01000000
10000000 00001001
01010000 01000001
01111001 00111101
11011001 00100011
01000001 00000001
01111010 00000000
01111011 00000001
01000000 00000000
01010011 01100000
01010010 01101000
10000000 00010111
01010000 01000010
10000000 00001100
01010000 01011111
01010000 01110000
00110000 00000000
00000000 00000000
00000000 00000000
00000000 00000000
00000000 00000000
00000000 00000000
00000000 00000000
00000000 00000000
00000000 00000000
00000000 00000000
00000000 00000000
00000000 00000000
00000000 00000000
10000001 00000000
00010011 01001001
00010010 00000011
01000001 00000001
01111010 01000000
01111011 01000001
01000000 00000000
01010010 01000000
01010011 01011011
10111001 00100010
01011001 00000000
10010001 00010000
00111011 10001110
00100001 11000000
10011001 00000110
00111100 10010001
00100001 10011111
10011001 00001001
00111100 10010100
00100001 10000000
10000001 00000000
00010011 01011101
00010010 00000011
01000001 00000001
01111010 01000000
01111011 01000001
10111011 01100001
01110010 01001000
01110011 01001001
10111001 00100010
01000000 00000000
00101000 10011111
01101001 00000000
00111100 10100011
00100010 00000000
10111111 11100001
10000001 00000000
00010011 01101111
00010010 00000011
01000001 00000001
01111010 01001000
01111011 01001001
01110010 01000000
01110011 01000001
01000000 00000000
01010010 01000000
01010011 01010011
10111001 00100010
01011000 01000101
00100001 01000000
00000000 00000000
00000000 00000000
00000000 00000000
00000000 00000000
00000000 00000000
00000000 00000000
00000000 00000000
00000000 00000000
00000000 00000000
00000000 00000000
00000000 00000000
00000000 00000000
00000000 00000000
00000000 00000000
10000101 00000001
10011001 00000001
00111101 10000100
10111101 10111110
10000001 00000000
00010011 10001101
00010010 00000011
01000001 00000001
01111010 01000000
01111011 01000001
10101010 01000101
01110010 01001000
01110011 01001001
10111001 00100010
01000000 00000000
00101000 10011111
01101001 00000000
00111101 00010100
10101110 11000101
00100001 01100100
10000001 00000000
00010011 10011100
00010010 00000011
01000001 00000001
01111010 01000000
01111011 01000001
01110010 01001000
01110011 01001001
10111001 00100010
01000000 00000000
00100001 01100100
10000101 00000001
10011001 00000010
00111101 10100011
10111101 10111110
01111001 00111010
01111010 00111011
10101001 00100101
10001001 00000011
01100001 00000000
11011010 01000010
10101010 01000001
11011010 01000001
01100010 00000000
00101001 00000000
00101000 10011111
01101001 00000000
01101101 00000000
10010001 00000000
00111101 00010100
01110101 00111010
00100001 01100100
00000000 00000000
00000000 00000000
00000000 00000000
00000000 00000000
00000000 00000000
00000000 00000000
00000000 00000000
00000000 00000000
00000000 00000000
00000000 00000000
00000000 00000000
00000000 00000000
10000001 00000000
10000100 00000000
00010011 11001110
00010010 00000011
01000001 00000001
01111010 01000000
01111011 01000001
10111011 01100001
01110011 01000001
01000000 00000000
01010010 01000000
01010011 01000001
01011101 01000111
11000100 10011101
10111001 00100010
10010100 00000000
00111101 00101000
10111111 11100001
10000001 00000000
00010011 11011011
00010010 00000011
01000001 00000001
01111010 01000000
01111011 01000001
01000000 00000000
01010010 01000000
01010011 01010011
10111001 00100010
01011000 01000101
10000001 00000000
00010011 11100110
00010010 00000011
01000001 00000001
01111010 01000000
01111011 01000001
01000000 00000000
01010010 01000000
01010011 01011011
10111001 00100010
00100001 11000000
10000001 00000000
00010011 11101111
00010010 00000011
01000001 00000001
01111011 01000001
10111011 01111111
01110011 01000001
10111001 00100010
01000000 00000000
00100010 00000000
00000000 00000000
00000000 00000000
00000000 00000000
00000000 00000000
00000000 00000000
00000000 00000000
00000000 00000000
00000000 00000000
00000000 00000000
00000000 00000000
00000000 00000000
00000000 00000000
00000000 00000000
00000000 00000000
10000001 00000000
00010011 00001001
00010010 00000011
01000000 00000001
01111010 01000000
01000000 00000001
01111011 01000001
01010010 01000000
01010011 01010011
10111001 00100010
10111111 11100011
10010111 00011110
00111011 10001110
10000111 00011101
10000110 00000000
01110000 00111110
01010111 01000001
10000001 00000010
01010001 01000000
01011011 01000111
00111100 00110011
10111001 00100001
10010001 00001100
00111101 10010010
01111101 00111110
10111101 10100001
01110101 00111110
10111101 11111111
10100100 11100000
01010100 01000001
01010100 01000011
10000000 00000010
01010000 01000000
10000000 00001011
01010000 01011110
10000001 00000010
10000010 00000000
00010011 00101101
00010010 00001001
01010001 01000000
01010101 01000001
01011011 01000111
00111100 10101100
01010100 01010011
11000010 01011011
10111001 00100001
10010010 00000000
00111100 00010000
10111101 10111111
10111100 10011111
00111000 10011101
10111111 11111111
10111110 11000001
10010110 00000100
00111101 10010000
01111001 00111100
01111010 00111110
01000000 00000010
01111010 01010100
10101001 00100010
01110010 00111100
01010010 01001110
01011000 01000101
00100010 01000000
10000110 00000101
10000111 00000010
01111001 00111101
01110001 00111011
01110000 00111010
11011001 00100011
01100001 00000000
00101001 00000000
10000001 00000000
00010011 01010110
00010010 00000011
01000001 00000001
01111010 01001000
01111011 01001001
01110010 01000000
01110011 01000001
01000000 00000000
01010010 01000000
01010011 01000001
01011100 01000111
00111101 00100111
01010011 01010011
10111001 00100010
10000000 00010011
01010000 01000000
10000000 00001000
01010000 01000001
10000000 00011000
01010000 01000010
10000000 00001101
01010000 01011111
01011001 00000001
10001001 00000111
10010001 00000111
00111100 00011111
01110001 00111101
00101001 00100010
01011000 01000101
00100001 01000000
00010010 00000000
10000000 01000111
01010000 01001001
10000000 01000001
01010000 01001001
10000000 01001101
01010000 01001001
10000000 01000101
01010000 01001001
10000000 00100000
01010000 01001001
10000000 01001111
01010000 01001001
10000000 01010110
01010000 01001001
10000000 01000101
01010000 01001001
10000000 01010010
01010000 01001001
10000000 00100001
01010000 01001001
01010000 01000101
00001000 00000000
